H                 -8.59543400   -1.79182500   -0.79564900
 N                 -9.04441600   -1.04657400   -0.29717600
 C                 -8.36852600    0.10189600    0.00799500
 O                 -8.95615800    1.13018600    0.28107900
 C                 -6.88009600    0.02020700    0.01160400
 C                 -6.17237000   -1.18676800    0.06756800
 C                 -6.16444200    1.22261400   -0.02017600
 C                 -4.79897900   -1.20113700    0.07386100
 H                 -6.70009800   -2.12941200    0.14383600
 C                 -4.79299400    1.22883100   -0.02381000
 H                 -6.72346300    2.14864100   -0.04220600
 C                 -4.06836400    0.01105100    0.01953500
 H                 -4.25955200   -2.13738700    0.12891100
 H                 -4.24716400    2.16242500   -0.05747100
 C                 -2.68027200    0.00523500    0.01708300
 C                 -1.45050400    0.00208300    0.01432000
 C                 -0.07462100    0.00049200    0.01122600
 C                  0.66070300   -1.22679300    0.05924700
 C                  0.66230300    1.22674500   -0.04015300
 C                  2.01957300   -1.22580500    0.05561800
 H                  0.11152300   -2.15806700    0.09879200
 C                  2.02115400    1.22364500   -0.04351600
 H                  0.11422600    2.15879100   -0.07618300
 C                  2.75227200   -0.00164400    0.00400200
 H                  2.56881400   -2.15723700    0.09215800
 H                  2.57152300    2.15430200   -0.08236900
 C                  4.13642500   -0.00272100    0.00023900
 C                  5.35925600   -0.00341300   -0.00312800
 C                  6.75952400   -0.00391500   -0.00694000
 C                  7.47786900   -1.21569500    0.04080800
 C                  7.47829700    1.20746000   -0.05857800
 C                  8.85665800   -1.20747600    0.03673900
 H                  6.93194900   -2.14910700    0.08066800
 C                  8.85708000    1.19843900   -0.06200300
 H                  6.93270800    2.14118900   -0.09534700
 C                  9.55384700   -0.00471900   -0.01453400
 H                  9.39771000   -2.14446700    0.07379100
 H                  9.39844000    2.13513000   -0.10189700
 H                 10.63626100   -0.00502400   -0.01744200
 H                -10.04002500   -0.95509600   -0.40004600