H       -7.117452    -2.184578     0.399126
N       -7.464825    -1.518512    -0.265062
C       -6.653435    -1.011073    -1.241326
O       -7.111395    -0.498436    -2.243694
C       -5.184775    -1.097743    -1.001250
C       -4.620025    -1.332803     0.258354
C       -4.336040    -0.909787    -2.098189
C       -3.257756    -1.396993     0.421302
H       -5.251041    -1.431656     1.132962
C       -2.973570    -0.979223    -1.957569
H       -4.784734    -0.708247    -3.061813
C       -2.393596    -1.229713    -0.688380
H       -2.828880    -1.567499     1.399857
H       -2.324565    -0.841577    -2.812266
C       -1.015958    -1.301353    -0.534036
C        0.204764    -1.364975    -0.399367
C        1.570750    -1.435751    -0.250575
C        2.160361    -1.684208     1.029997
C        2.442873    -1.262931    -1.372595
C        3.509738    -1.754128     1.174341
H        1.508445    -1.815456     1.883350
C        3.791765    -1.333454    -1.224227
H        2.005394    -1.074323    -2.343901
C        4.377418    -1.581774     0.053846
H        3.948457    -1.942166     2.145286
H        4.444809    -1.201719    -2.076705
C        5.751659    -1.653500     0.202884
C        6.965762    -1.716853     0.334290
C        8.356070    -1.789294     0.484492
C        8.930606    -2.033910     1.748130
C        9.208444    -1.618981    -0.625095
C       10.300586    -2.103707     1.887503
H        8.281687    -2.165462     2.603977
C       10.576444    -1.691792    -0.468852
H        8.773612    -1.430860    -1.597926
C       11.130541    -1.933801     0.784039
H       10.730544    -2.292019     2.863073
H       11.221212    -1.559357    -1.328379
H       12.205267    -1.989743     0.900073
H       -8.445451    -1.550820    -0.483046
