H        5.882309    -3.605056     0.263547
N        6.257875    -3.065997     1.021075
C        5.433681    -2.461916     1.929273
O        5.838531    -2.117200     3.022207
C        4.025256    -2.227671     1.500833
C        3.607754    -2.263453     0.164715
C        3.084857    -1.935183     2.495326
C        2.296174    -2.034013    -0.172284
H        4.323338    -2.437357    -0.629380
C        1.768908    -1.712183     2.179886
H        3.424697    -1.890045     3.521478
C        1.334938    -1.759305     0.831055
H        1.983764    -2.052007    -1.207973
H        1.046380    -1.495390     2.955524
C        0.005749    -1.534530     0.499953
C       -1.172335    -1.335671     0.208585
C       -2.490816    -1.112924    -0.115598
C       -2.932039    -1.155577    -1.476747
C       -3.460523    -0.831851     0.899302
C       -4.234839    -0.935707    -1.794399
H       -2.205517    -1.366815    -2.250035
C       -4.762416    -0.612428     0.577701
H       -3.135268    -0.797315     1.930520
C       -5.200144    -0.655917    -0.780481
H       -4.561243    -0.969437    -2.825363
H       -5.489810    -0.400434     1.350029
C       -6.526754    -0.432367    -1.106036
C       -7.698836    -0.234848    -1.393389
C       -9.041019    -0.008592    -1.722128
C       -9.469286    -0.051635    -3.064320
C       -9.990314     0.266721    -0.717240
C      -10.792753     0.172348    -3.379585
H       -8.745398    -0.262396    -3.840493
C      -11.310084     0.488379    -1.049201
H       -9.667911     0.301214     0.315106
C      -11.719504     0.442992    -2.377978
H      -11.110078     0.136831    -4.414045
H      -12.030285     0.698923    -0.268794
H      -12.757039     0.617952    -2.632026
H        7.172070    -3.314587     1.356713
