H       -4.916891     1.607890    -1.122464
N       -5.318979     1.389317    -0.230262
C       -4.553074     1.380379     0.902190
O       -5.052527     1.474236     2.006267
C       -3.082548     1.225310     0.713449
C       -2.500138     0.754178    -0.469635
C       -2.252624     1.549615     1.792801
C       -1.137453     0.625618    -0.584141
H       -3.120473     0.448220    -1.302986
C       -0.889322     1.436730     1.694968
H       -2.716512     1.892572     2.708062
C       -0.290445     0.972724     0.496666
H       -0.695998     0.249738    -1.497614
H       -0.254342     1.697819     2.531203
C        1.088186     0.853314     0.387020
C        2.309833     0.748479     0.292622
C        3.676806     0.631115     0.189051
C        4.286357     0.158494    -1.016897
C        4.530073     0.977910     1.284969
C        5.636652     0.043151    -1.116645
H        3.648834    -0.106174    -1.849934
C        5.879945     0.861094     1.181437
H        4.077536     1.335652     2.200195
C        6.485543     0.389640    -0.022363
H        6.090388    -0.314975    -2.031221
H        6.518543     1.124840     2.014006
C        7.860737     0.271342    -0.125879
C        9.075697     0.166802    -0.217103
C       10.466839     0.046602    -0.321923
C       11.059957    -0.420034    -1.512383
C       11.301562     0.389551     0.760816
C       12.430589    -0.535891    -1.607605
H       10.424739    -0.685056    -2.347332
C       12.670496     0.267946     0.649422
H       10.852547     0.748444     1.677586
C       13.243015    -0.194038    -0.531311
H       12.874758    -0.895616    -2.527055
H       13.301481     0.534336     1.487842
H       14.318360    -0.287313    -0.612374
H       -6.292836     1.600068    -0.098336
