 H                    -7.32857  -1.98054  -0.06628
 N                    -7.5752   -1.334    -0.7882
 C                    -6.601    -0.7259   -1.5193
 O                    -6.8569    0.1293   -2.3565
 C                    -5.1743   -1.094    -1.2342
 C                    -4.732    -1.5254    0.016
 C                    -4.236    -0.8139   -2.2277
 C                    -3.3757   -1.6486    0.2767
 H                    -5.4286   -1.6962    0.8303
 C                    -2.8834   -0.9504   -1.9785
 H                    -4.5875   -0.4526   -3.1864
 C                    -2.4341   -1.3538   -0.714
 H                    -3.038    -1.9434    1.2627
 H                    -2.1579   -0.7228   -2.7503
 C                    -1.0343   -1.435    -0.4497
 C                     0.1555   -1.4798   -0.26
 C                     1.5687   -1.5299   -0.0746
 C                     2.1236   -1.9252    1.1486
 C                     2.4248   -1.1833   -1.1267
 C                     3.4966   -1.9734    1.3135
 H                     1.4667   -2.1939    1.9673
 C                     3.7964   -1.2345   -0.9627
 H                     2.0011   -0.8645   -2.0713
 C                     4.3523   -1.6304    0.2593
 H                     3.9202   -2.2825    2.2618
 H                     4.4548   -0.9507   -1.7747
 C                     5.7691   -1.6829    0.4161
 C                     6.969    -1.7335    0.5185
 C                     8.3918   -1.8024    0.6145
 C                     9.0246   -1.784     1.8629
 C                     9.1702   -1.8849   -0.545
 C                     10.4077  -1.8487    1.9456
 H                     8.4222   -1.7179    2.7614
 C                     10.552   -1.9534   -0.4541
 H                     8.6817   -1.8827   -1.512
 C                     11.1751  -1.9359    0.7886
 H                     10.8888  -1.8342    2.9172
 H                     11.1457  -2.0119   -1.3592
 H                     12.256   -1.9883    0.8561
 H                    -8.53742  -1.13414  -0.97309